A R N D C Q E G H I L K M F P S T W Y V 
0.0 6.0 2.0 3.0 5.0 3.0 3.0 2.5 5.0 4.5 6.0 4.5 5.0 9.5 3.0 1.5 1.5 15.5 9.0 3.0 
6.0 0.0 4.0 6.0 9.0 4.0 6.0 8.5 4.0 7.5 9.0 2.5 6.0 11.5 6.0 4.5 5.5 9.5 12.0 7.0 
2.0 4.0 0.0 1.0 7.0 2.0 2.0 3.5 2.0 5.5 7.0 2.5 6.0 9.5 5.0 1.5 2.5 13.5 8.0 5.0 
3.0 6.0 1.0 0.0 9.0 2.0 1.0 3.5 4.0 6.5 9.0 4.5 8.0 12.5 6.0 3.5 3.5 17.5 11.0 6.0 
5.0 9.0 7.0 9.0 0.0 9.0 9.0 7.5 8.0 6.5 11.0 9.5 10.0 10.5 8.0 3.5 5.5 18.5 7.0 6.0 
3.0 4.0 2.0 2.0 9.0 0.0 2.0 5.5 2.0 6.5 7.0 3.5 6.0 11.5 5.0 4.5 4.5 15.5 11.0 6.0 
3.0 6.0 2.0 1.0 9.0 2.0 0.0 4.5 4.0 6.5 8.0 4.5 7.0 11.5 6.0 3.5 3.5 17.5 11.0 6.0 
2.5 8.5 3.5 3.5 7.5 5.5 4.5 0.0 7.5 8.0 9.5 7.0 8.5 12.0 6.5 3.0 4.0 18.0 12.5 5.5 
5.0 4.0 2.0 4.0 8.0 2.0 4.0 7.5 0.0 7.5 8.0 5.5 8.0 9.5 6.0 5.5 5.5 14.5 8.0 7.0 
4.5 7.5 5.5 6.5 6.5 6.5 6.5 8.0 7.5 0.0 3.5 7.0 3.5 6.0 7.5 5.0 4.0 16.0 8.5 0.5 
6.0 9.0 7.0 9.0 11.0 7.0 8.0 9.5 8.0 3.5 0.0 8.5 2.0 5.5 9.0 7.5 6.5 13.5 9.0 3.0 
4.5 2.5 2.5 4.5 9.5 3.5 4.5 7.0 5.5 7.0 8.5 0.0 5.5 12.0 6.5 4.0 4.0 14.0 11.5 6.5 
5.0 6.0 6.0 8.0 10.0 6.0 7.0 8.5 8.0 3.5 2.0 5.5 0.0 7.5 8.0 6.5 5.5 15.5 10.0 3.0 
9.5 11.5 9.5 12.5 10.5 11.5 11.5 12.0 9.5 6.0 5.5 12.0 7.5 0.0 12.5 9.0 8.0 13.0 2.5 7.5 
3.0 6.0 5.0 6.0 8.0 5.0 6.0 6.5 6.0 7.5 9.0 6.5 8.0 12.5 0.0 3.5 4.5 17.5 13.0 6.0 
1.5 4.5 1.5 3.5 3.5 4.5 3.5 3.0 5.5 5.0 7.5 4.0 6.5 9.0 3.5 0.0 2.0 12.0 9.5 4.5 
1.5 5.5 2.5 3.5 5.5 4.5 3.5 4.0 5.5 4.0 6.5 4.0 5.5 8.0 4.5 2.0 0.0 15.0 9.5 3.5 
15.5 9.5 13.5 17.5 18.5 15.5 17.5 18.0 14.5 16.0 13.5 14.0 15.5 13.0 17.5 12.0 15.0 0.0 13.5 16.5 
9.0 12.0 8.0 11.0 7.0 11.0 11.0 12.5 8.0 8.5 9.0 11.5 10.0 2.5 13.0 9.5 9.5 13.5 0.0 9.0 
3.0 7.0 5.0 6.0 6.0 6.0 6.0 5.5 7.0 0.5 3.0 6.5 3.0 7.5 6.0 4.5 3.5 16.5 9.0 0.0 
